history

BOARDID;TRADEDATE;SHORTNAME;SECID;NUMTRADES;VALUE;LOW;HIGH;CLOSE;LEGALCLOSEPRICE;ACCINT;WAPRICE;YIELDCLOSE;OPEN;VOLUME;MARKETPRICE2;MARKETPRICE3;ADMITTEDQUOTE;MP2VALTRD;MARKETPRICE3TRADESVALUE;ADMITTEDVALUE;MATDATE;DURATION;YIELDATWAP;IRICPICLOSE;BEICLOSE;COUPONPERCENT;COUPONVALUE;BUYBACKDATE;LASTTRADEDATE;FACEVALUE;CURRENCYID;CBRCLOSE;YIELDTOOFFER;YIELDLASTCOUPON;OFFERDATE;FACEUNIT
EQOB;2018-10-01;БинбанкБ04;RU000A0JUFP0;5;4446.7;87.62;89.35;87.62;88.77;0.01;88.93;10.27;89.35;5;;87.47;88.77;0;504722.9;0;2020-02-07;494;9.07;;;;0.05;;2018-10-01;1000;SUR;;;;;RUB
EQOB;2018-10-02;БинбанкБ04;RU000A0JUFP0;1;876.1;87.61;87.61;87.61;87.61;0.01;87.61;10.3;87.61;1;;87.47;87.61;0;505599;0;2020-02-07;493;10.3;;;;0.05;;2018-10-02;1000;SUR;;;;;RUB
EQOB;2018-10-03;БинбанкБ04;RU000A0JUFP0;0;0;;;;87.61;0.01;;10.32;;0;;87.47;87.61;0;505599;0;2020-02-07;492;;;;;0.05;;2018-10-02;1000;SUR;;;;;RUB
EQOB;2018-10-04;БинбанкБ04;RU000A0JUFP0;0;0;;;;87.61;0.02;;10.34;;0;;87.47;87.61;0;505599;0;2020-02-07;491;;;;;0.05;;2018-10-02;1000;SUR;;;;;RUB
EQOB;2018-10-05;БинбанкБ04;RU000A0JUFP0;4;8928.7;88.98;89.36;89.36;89.36;0.02;89.29;8.75;88.98;10;;87.6;89.36;0;504562.9;0;2020-02-07;490;8.82;;;;0.05;;2018-10-05;1000;SUR;;;;;RUB
EQOB;2018-10-08;БинбанкБ04;RU000A0JUFP0;0;0;;;;89.36;0.02;;8.81;;0;;87.6;89.36;0;504562.9;0;2020-02-07;487;;;;;0.05;;2018-10-05;1000;SUR;;;;;RUB
EQOB;2018-10-09;БинбанкБ04;RU000A0JUFP0;8;61237.1;87;88.55;88.55;88.55;0.02;87.48;9.57;87.61;70;;87.71;88.55;0;514878.8;0;2020-02-07;486;10.58;;;;0.05;;2018-10-09;1000;SUR;;;;;RUB
EQOB;2018-10-10;БинбанкБ04;RU000A0JUFP0;4;30107.3;88.5;88.79;88.5;88.5;0.02;88.55;9.64;88.55;34;;87.77;88.5;0;515225.7;0;2020-02-07;485;9.59;;;;0.05;;2018-10-10;1000;SUR;;;;;RUB
EQOB;2018-10-11;БинбанкБ04;RU000A0JUFP0;1;885.4;88.54;88.54;88.54;88.54;0.02;88.54;9.62;88.54;1;;87.77;88.54;0;516111.1;0;2020-02-07;484;9.62;;;;0.05;;2018-10-11;1000;SUR;;;;;RUB
EQOB;2018-10-12;БинбанкБ04;RU000A0JUFP0;1;72898;88.9;88.9;88.9;88.9;0.02;88.9;9.31;88.9;82;;87.93;88.9;0;557457.6;0;2020-02-07;483;9.31;;;;0.05;;2018-10-12;1000;SUR;;;;;RUB
EQOB;2018-10-15;БинбанкБ04;RU000A0JUFP0;0;0;;;;88.9;0.02;;9.37;;0;;87.93;88.9;0;557457.6;0;2020-02-07;480;;;;;0.05;;2018-10-12;1000;SUR;;;;;RUB
EQOB;2018-10-16;БинбанкБ04;RU000A0JUFP0;2;3558.6;88.95;88.98;88.98;88.97;0.02;88.97;9.32;88.95;4;;87.93;88.97;0;561016.2;0;2020-02-07;479;9.33;;;;0.05;;2018-10-16;1000;SUR;;;;;RUB
EQOB;2018-10-17;БинбанкБ04;RU000A0JUFP0;2;31080;88.8;88.8;88.8;88.8;0.02;88.8;9.51;88.8;35;;87.98;88.8;0;592096.2;0;2020-02-07;478;9.51;;;;0.05;;2018-10-17;1000;SUR;;;;;RUB
EQOB;2018-10-18;БинбанкБ04;RU000A0JUFP0;1;1776;88.8;88.8;88.8;88.8;0.02;88.8;9.53;88.8;2;;87.98;88.8;0;593872.2;0;2020-02-07;477;9.53;;;;0.05;;2018-10-18;1000;SUR;;;;;RUB
EQOB;2018-10-19;БинбанкБ04;RU000A0JUFP0;3;3560.9;88.99;89.11;89;88.99;0.02;89.02;9.36;89.11;4;;87.99;88.99;0;597433.1;0;2020-02-07;476;9.34;;;;0.05;;2018-10-19;1000;SUR;;;;;RUB
EQOB;2018-10-22;БинбанкБ04;RU000A0JUFP0;5;8916.1;88.99;89.37;89.37;89.16;0.02;89.16;9.07;88.99;10;;88;89.16;0;606349.2;0;2020-02-07;473;9.27;;;;0.05;;2018-10-22;1000;SUR;;;;;RUB
EQOB;2018-10-23;БинбанкБ04;RU000A0JUFP0;2;7149.2;89.35;89.39;89.39;89.37;0.02;89.37;9.07;89.35;8;;88.02;89.37;0;613498.4;0;2020-02-07;472;9.09;;;;0.05;;2018-10-23;1000;SUR;;;;;RUB
EQOB;2018-10-24;БинбанкБ04;RU000A0JUFP0;0;0;;;;89.37;0.02;;9.09;;0;;88.02;89.37;0;613498.4;0;2020-02-07;471;;;;;0.05;;2018-10-23;1000;SUR;;;;;RUB
EQOB;2018-10-25;БинбанкБ04;RU000A0JUFP0;0;0;;;;89.37;0.02;;9.11;;0;;88.02;89.37;0;613498.4;0;2020-02-07;470;;;;;0.05;;2018-10-23;1000;SUR;;;;;RUB
EQOB;2018-10-26;БинбанкБ04;RU000A0JUFP0;4;34917.4;87.23;88.41;87.23;87.29;0.02;87.29;11.23;88.41;40;;87.98;87.29;0;648415.8;0;2020-02-07;469;11.17;;;;0.05;;2018-10-26;1000;SUR;;;;;RUB
EQOB;2018-10-29;БинбанкБ04;RU000A0JUFP0;5;36456.3;88.88;89.69;89.69;89.69;0.02;88.92;8.91;88.88;41;;88.03;89.69;0;684872.1;0;2020-02-07;466;9.65;;;;0.05;;2018-10-29;1000;SUR;;;;;RUB
EQOB;2018-10-30;БинбанкБ04;RU000A0JUFP0;0;0;;;;89.69;0.02;;8.93;;0;;88.03;89.69;0;684872.1;0;2020-02-07;465;;;;;0.05;;2018-10-29;1000;SUR;;;;;RUB
EQOB;2018-10-31;БинбанкБ04;RU000A0JUFP0;3;4420.8;87.56;89.69;87.56;87.57;0.02;88.42;11.03;89.69;5;;88.03;87.57;0;689292.9;0;2020-02-07;464;10.18;;;;0.05;;2018-10-31;1000;SUR;;;;;RUB
EQOB;2018-11-01;БинбанкБ04;RU000A0JUFP0;1;1759.8;87.99;87.99;87.99;87.99;0.02;87.99;10.62;87.99;2;;88.03;87.99;0;691052.7;0;2020-02-07;463;10.62;;;;0.05;;2018-11-01;1000;SUR;;;;;RUB
EQOB;2018-11-02;БинбанкБ04;RU000A0JUFP0;5;32469.5;87.56;89;89;89;0.02;87.76;9.66;87.6;37;;88.02;89;0;723522.2;0;2020-02-07;462;10.88;;;;0.05;;2018-11-02;1000;SUR;;;;;RUB
EQOB;2018-11-06;БинбанкБ04;RU000A0JUFP0;0;0;;;;89;0.02;;9.74;;0;;88.02;89;0;723522.2;0;2020-02-07;458;;;;;0.05;;2018-11-02;1000;SUR;;;;;RUB
EQOB;2018-11-07;БинбанкБ04;RU000A0JUFP0;1;1760;88;88;88;88;0.02;88;10.76;88;2;;88.02;88;0;725282.2;0;2020-02-07;457;10.76;;;;0.05;;2018-11-07;1000;SUR;;;;;RUB
EQOB;2018-11-08;БинбанкБ04;RU000A0JUFP0;4;475350.5;88.5;89.25;89.25;89.25;0.02;88.85;9.54;88.5;535;88.77;88.78;89.25;511339.8;509580;511339.8;2020-02-07;456;9.94;;;;0.05;;2018-11-08;1000;SUR;;;;;RUB
EQOB;2018-11-09;БинбанкБ04;RU000A0JUFP0;0;0;;;;89.25;0.02;;9.56;;0;88.78;88.78;89.25;509580;509580;509580;2020-02-07;455;;;;;0.05;;2018-11-08;1000;SUR;;;;;RUB
EQOB;2018-11-12;БинбанкБ04;RU000A0JUFP0;0;0;;;;89.25;0.03;;9.63;;0;88.78;88.78;89.25;552216.9;509580;552216.9;2020-02-07;452;;;;;0.05;;2018-11-08;1000;SUR;;;;;RUB
EQOB;2018-11-13;БинбанкБ04;RU000A0JUFP0;0;0;;;;89.25;0.03;;9.65;;0;88.77;88.78;89.25;515760.6;509580;515760.6;2020-02-07;451;;;;;0.05;;2018-11-08;1000;SUR;;;;;RUB
EQOB;2018-11-14;БинбанкБ04;RU000A0JUFP0;0;0;;;;89.25;0.03;;9.67;;0;88.77;88.78;89.25;515760.6;509580;515760.6;2020-02-07;450;;;;;0.05;;2018-11-08;1000;SUR;;;;;RUB
EQOB;2018-11-15;БинбанкБ04;RU000A0JUFP0;1;1785;89.25;89.25;89.25;89.25;0.03;89.25;9.7;89.25;2;88.78;88.78;89.25;513124.8;510489;513124.8;2020-02-07;449;9.7;;;;0.05;;2018-11-15;1000;SUR;;;;;RUB
EQOB;2018-11-16;БинбанкБ04;RU000A0JUFP0;1;880.2;88.02;88.02;88.02;89.25;0.03;88.02;10.97;88.02;1;88.78;88.78;89.25;512245.2;511369.2;512245.2;2020-02-07;448;10.97;;;;0.05;;2018-11-16;1000;SUR;;;;;RUB
EQOB;2018-11-19;БинбанкБ04;RU000A0JUFP0;10;42500.5;89.49;93;93;92.75;0.03;92.39;6.14;89.49;46;;89.13;92.75;0;520516.2;0;2020-02-07;445;6.72;;;;0.05;;2018-11-19;1000;SUR;;;;;RUB
EQOB;2018-11-20;БинбанкБ04;RU000A0JUFP0;0;0;;;;92.75;0.03;;6.16;;0;;89.13;92.75;0;520516.2;0;2020-02-07;444;;;;;0.05;;2018-11-19;1000;SUR;;;;;RUB
EQOB;2018-11-21;БинбанкБ04;RU000A0JUFP0;1;1859.8;92.99;92.99;92.99;92.99;0.03;92.99;6.18;92.99;2;;89.14;92.99;0;522376;0;2020-02-07;443;6.18;;;;0.05;;2018-11-21;1000;SUR;;;;;RUB
EQOB;2018-11-22;БинбанкБ04;RU000A0JUFP0;0;0;;;;92.99;0.03;;6.2;;0;;89.14;92.99;0;522376;0;2020-02-07;442;;;;;0.05;;2018-11-21;1000;SUR;;;;;RUB
EQOB;2018-11-23;БинбанкБ04;RU000A0JUFP0;1;2775;92.5;92.5;92.5;92.99;0.03;92.5;6.68;92.5;3;;89.16;92.99;0;525151;0;2020-02-07;441;6.68;;;;0.05;;2018-11-23;1000;SUR;;;;;RUB
EQOB;2018-11-26;БинбанкБ04;RU000A0JUFP0;0;0;;;;92.99;0.03;;6.72;;0;;89.16;92.99;0;525151;0;2020-02-07;438;;;;;0.05;;2018-11-23;1000;SUR;;;;;RUB
EQOB;2018-11-27;БинбанкБ04;RU000A0JUFP0;2;247276;89.9;95;95;95;0.03;89.92;4.39;89.9;275;;89.84;95;0;520201.5;0;2020-02-07;437;9.29;;;;0.05;;2018-11-27;1000;SUR;;;;;RUB
EQOB;2018-11-28;БинбанкБ04;RU000A0JUFP0;0;0;;;;95;0.03;;4.4;;0;;89.84;95;0;520201.5;0;2020-02-07;436;;;;;0.05;;2018-11-27;1000;SUR;;;;;RUB
EQOB;2018-11-29;БинбанкБ04;RU000A0JUFP0;0;0;;;;95;0.03;;4.41;;0;;89.84;95;0;520201.5;0;2020-02-07;435;;;;;0.05;;2018-11-27;1000;SUR;;;;;RUB
EQOB;2018-11-30;БинбанкБ04;RU000A0JUFP0;0;0;;;;95;0.03;;4.42;;0;;89.84;95;0;520201.5;0;2020-02-07;434;;;;;0.05;;2018-11-27;1000;SUR;;;;;RUB
EQOB;2018-12-03;БинбанкБ04;RU000A0JUFP0;0;0;;;;95;0.03;;4.45;;0;;89.84;95;0;520201.5;0;2020-02-07;431;;;;;0.05;;2018-11-27;1000;SUR;;;;;RUB
EQOB;2018-12-04;БинбанкБ04;RU000A0JUFP0;1;970;97;97;97;97;0.03;97;2.63;97;1;;89.86;97;0;521171.5;0;2020-02-07;430;2.63;;;;0.05;;2018-12-04;1000;SUR;;;;;RUB
EQOB;2018-12-05;БинбанкБ04;RU000A0JUFP0;0;0;;;;97;0.03;;2.64;;0;;89.86;97;0;521171.5;0;2020-02-07;429;;;;;0.05;;2018-12-04;1000;SUR;;;;;RUB
EQOB;2018-12-06;БинбанкБ04;RU000A0JUFP0;0;0;;;;97;0.03;;2.64;;0;;89.86;97;0;521171.5;0;2020-02-07;428;;;;;0.05;;2018-12-04;1000;SUR;;;;;RUB
EQOB;2018-12-07;БинбанкБ04;RU000A0JUFP0;4;20457.7;86.77;90;89;88.95;0.03;88.95;10.49;86.77;23;;89.82;88.95;0;541629.2;0;2020-02-07;427;10.54;;;;0.05;;2018-12-07;1000;SUR;;;;;RUB
EQOB;2018-12-10;БинбанкБ04;RU000A0JUFP0;0;0;;;;88.95;0.03;;10.56;;0;;89.82;88.95;0;541629.2;0;2020-02-07;424;;;;;0.05;;2018-12-07;1000;SUR;;;;;RUB
EQOB;2018-12-11;БинбанкБ04;RU000A0JUFP0;0;0;;;;88.95;0.03;;10.59;;0;;89.82;88.95;0;541629.2;0;2020-02-07;423;;;;;0.05;;2018-12-07;1000;SUR;;;;;RUB
EQOB;2018-12-12;БинбанкБ04;RU000A0JUFP0;0;0;;;;88.95;0.03;;10.62;;0;;89.82;88.95;0;541629.2;0;2020-02-07;422;;;;;0.05;;2018-12-07;1000;SUR;;;;;RUB
EQOB;2018-12-13;БинбанкБ04;RU000A0JUFP0;1;880;88;88;88;88;0.03;88;11.73;88;1;;89.82;88;0;542509.2;0;2020-02-07;421;11.73;;;;0.05;;2018-12-13;1000;SUR;;;;;RUB
EQOB;2018-12-14;БинбанкБ04;RU000A0JUFP0;0;0;;;;88;0.03;;11.76;;0;;89.82;88;0;542509.2;0;2020-02-07;420;;;;;0.05;;2018-12-13;1000;SUR;;;;;RUB
EQOB;2018-12-17;БинбанкБ04;RU000A0JUFP0;2;4501;90.02;90.02;90.02;90.02;0.04;90.02;9.65;90.02;5;;89.82;90.02;0;547010.2;0;2020-02-07;417;9.65;;;;0.05;;2018-12-17;1000;SUR;;;;;RUB
EQOB;2018-12-18;БинбанкБ04;RU000A0JUFP0;0;0;;;;90.02;0.04;;9.67;;0;;89.82;90.02;0;547010.2;0;2020-02-07;416;;;;;0.05;;2018-12-17;1000;SUR;;;;;RUB
EQOB;2018-12-19;БинбанкБ04;RU000A0JUFP0;1;49775;90.5;90.5;90.5;90.5;0.04;90.5;9.19;90.5;55;;89.88;90.5;0;596785.2;0;2020-02-07;415;9.19;;;;0.05;;2018-12-19;1000;SUR;;;;;RUB
EQOB;2018-12-20;БинбанкБ04;RU000A0JUFP0;1;22455;89.82;89.82;89.82;89.82;0.04;89.82;9.94;89.82;25;;89.88;89.82;0;619240.2;0;2020-02-07;414;9.94;;;;0.05;;2018-12-20;1000;SUR;;;;;RUB
EQOB;2018-12-21;БинбанкБ04;RU000A0JUFP0;1;885;88.5;88.5;88.5;88.5;0.04;88.5;11.41;88.5;1;;89.87;88.5;0;620125.2;0;2020-02-07;413;11.41;;;;0.05;;2018-12-21;1000;SUR;;;;;RUB


